### protSP
LINEAL###############################
* chi2 = [[1.3128870892486812, 1.949077264867963, 1.6834274454476759, 1.5052457881606904, 2.0450599606570057, 1.9496880884354735, 1.7875789763169734, 2.430024595436633, 3.3098706200813606], [1.3159868351602384, 1.1141886966782446, 1.4190609132962286, 1.7394202553679345, 1.6470269278175118, 1.487162575841276, 1.7437370689012577, 2.229204907030895], [1.3370025540411965, 1.322480149318251, 1.1974321270905617, 1.0539492133486248, 0.9723341195295786, 0.882955959391823, 0.8921110129622284], [1.5757921480611263, 1.3926475199291903, 1.1937605487519807, 1.0930360476373844, 0.9808333364712437, 0.9341398000081019], [1.598919540148811, 1.3335079577369202, 1.1977732504843879, 1.048064179186255, 0.9443304608812912], [1.597049433964724, 1.3965810081791705, 1.1970704841692157, 1.058500028054267], [0.4634119225541923, 0.38728689231000124, 0.3374836068502551], [0.44224247773044956, 0.3750636435324681], [0.25665376949967156]]
* central = [[1.2021446800231927, 1.2015815734863275, 1.2017221641540525, 1.2012490653991694, 1.2019482994079589, 1.2011322784423824, 1.2008458900451655, 1.2005780982971188, 1.1992733573913568], [1.1993678283691402, 1.1995232963562006, 1.1993008804321281, 1.1990568923950193, 1.1982572364807125, 1.1984878349304195, 1.197507419586181, 1.1958679389953608], [1.1994957733154292, 1.1972202873229973, 1.1965396499633782, 1.196291198730468, 1.1958612442016596, 1.1961654853820796, 1.1954506301879881], [1.1969420814514156, 1.1963328552246086, 1.1962971496582024, 1.1958433914184567, 1.1961617660522457, 1.1957355308532713], [1.1970298576354976, 1.196884803771972, 1.1964377403259274, 1.1964518737792964, 1.1963395500183098], [1.1965567588806147, 1.1966274261474603, 1.1966318893432608, 1.1967821502685543], [1.1911637306213378, 1.1913072967529295, 1.1913883781433101], [1.1920905876159664, 1.1921709251403805], [1.1972835159301756]]
* error estadistic = [[0.0018000316619872785, 0.0017040729522707085, 0.0016764259338379146, 0.0015105438232421537, 0.0015029811859131516, 0.0008339977264404389, 0.0008338737487793384, 0.0008230876922608414, 0.0008620166778565328], [0.0014352893829345428, 0.0014913272857667674, 0.0014566135406495206, 0.0014683914184570788, 0.0013000297546386839, 0.0011176586151122234, 0.0010189723968506705, 0.0008798694610594462], [0.002515878677368133, 0.0018992137908934916, 0.0020742702484130393, 0.0013915252685545356, 0.0014579772949219196, 0.0012907314300537602, 0.000835485458374049], [0.002222547531127791, 0.0026446914672850026, 0.0013976001739500758, 0.0015254211425781428, 0.001268539428710932, 0.001093358993530284], [0.002665519714355358, 0.00245029449462871, 0.002291603088378835, 0.0012121295928955544, 0.0010972023010252805], [0.003379507064819191, 0.0033648777008055877, 0.0029979038238524564, 0.0031910610198974503], [0.004235076904297067, 0.0032051944732666895, 0.0034776973724363804], [0.0032730102539061763, 0.003284788131713845], [0.005972375869750785]]
* error sistemàtic = 0.0048611640930171784
EXPONENCIAL###############################
* chi2 = [[1.3078272346820445, 1.940580301456728, 1.676012739960591, 1.4993787277707478, 2.0359184553663727, 1.940745984671003, 1.779340787751555, 0.7866005090810265, 0.7543837986330081], [1.316190681565232, 1.1141739584863666, 1.4173166140212392, 1.736272010428962, 1.6436202333810033, 1.483990340740754, 1.7382612584995634, 2.2213841486473767], [1.3369947312264503, 1.3224326629405718, 1.1974130311370945, 1.0538678770449834, 0.9723282217512056, 0.8829701675889032, 0.8917363515816611], [1.5758237106505442, 1.392676083611395, 1.1937848403282707, 1.0930616523786678, 0.9808651658675102, 0.9341947548426394], [1.5988853636973175, 1.3334793354855128, 1.1977533567836391, 1.0480467945433418, 0.9443164265287657], [1.5970177120022995, 1.3965564454445156, 1.1970494299659293, 1.058481545336198], [0.4634138444114999, 0.38728852361427074, 0.3374850297925052], [0.44224347078494475, 0.3750645027522305], [0.25665392508887297]]
* central = [[1.202125109845193, 1.2015633264617223, 1.2017027598939047, 1.201225181604741, 1.2019219761308664, 1.2011088432598296, 1.2008240604321894, 1.1957466146787836, 1.1951948885409307], [1.1993604416462942, 1.1995148904958755, 1.199292404621127, 1.1990486516312393, 1.1982524238394796, 1.1984805325682077, 1.1975032544759197, 1.1958672605884288], [1.1994938979757443, 1.197218591843578, 1.1965372054130259, 1.1962903492259507, 1.19586068838053, 1.1961645415966813, 1.1954512650263165], [1.1969412938280228, 1.1963322654241888, 1.196296722997035, 1.195842615359233, 1.1961611390772782, 1.1957348360940507], [1.1970292704827132, 1.196884455002233, 1.196437295831366, 1.1964520518921415, 1.1963389491491658], [1.1965572312561394, 1.1966270531655605, 1.1966318147155326, 1.1967820955325894], [1.1911631915853271, 1.1913074380510902, 1.1913883843272306], [1.192090789346525, 1.1921705394105249], [1.1972830969426433]]
* error estadistic = [[0.0017777075878104478, 0.001816237078710962, 0.0018043695583176427, 0.001600620202596363, 0.003703990252482618, 0.0008348702005581688, 0.0008340848807241545, 0.0021763798017310583, 0.0026889019287746896], [0.001434934743364758, 0.0014911217013940567, 0.0014568753317925804, 0.0024673969478526594, 0.001414872511562804, 0.0011174633912216514, 0.0012365347607466255, 0.0009840864231217183], [0.0025158971155857524, 0.001899442269314045, 0.0020742000931215, 0.001391523816337004, 0.001458015790235116, 0.0012904520052097936, 0.0008356469076068096], [0.002222632238150742, 0.002644657987340926, 0.0013975545474985331, 0.001525481502353987, 0.0012685663889015304, 0.0010931112387368995], [0.0026651975155536087, 0.0024499774065177933, 0.0022915255351115458, 0.0012121965820454483, 0.0010970605573574032], [0.0033794035185424898, 0.003364732200155689, 0.002998067535606017, 0.003191068844050849], [0.004235353029427088, 0.0032052295191040327, 0.0034779071667536323], [0.003272936840060877, 0.003284820919359592], [0.005972338137916646]]
* error sistemàtic = 0.004842012902549708

### frontera29
LINEAL###############################
* chi2 = [[0.38700257901360063, 0.6531269275068083, 0.5814630091661189, 1.702304335081499, 1.5569914250095391, 1.4278782788745359, 1.3795047905188624, 1.9910932033742916, 2.175361017295813], [0.597149646800644, 0.5454439914906154, 1.7582267496234907, 1.5394429456050391, 1.3768354180689983, 1.415992214603484, 1.8348236257409984, 1.9961103189434224], [0.5652533957456878, 1.135580280628144, 0.990463229297476, 0.9813384271544606, 1.0947246692497454, 1.6972496009470954, 1.8280827293308852], [0.7658656315708294, 0.6435137998292587, 0.6497316186825222, 0.8546022291666574, 1.4690163954921502, 1.4987850104830354], [0.2922249417988182, 0.3039424150207569, 0.41415986759130796, 1.0280523779270179, 1.0681870385230163], [0.2290860855897185, 0.33832985497597995, 1.0923775541468062, 1.1213170888097355], [0.39753138745215055, 0.8483757450420639, 1.109687610281826], [0.9981850418906003, 1.2942088885918164], [1.4848016611212607]]
* central = [[1.2017764663696284, 1.2038711929321284, 1.2041471672058102, 1.2038198661804196, 1.2040333557128904, 1.2040333557128904, 1.2045161247253413, 1.2033251953124997, 1.2048940086364743], [1.204635887145996, 1.2049445915222166, 1.2048493766784665, 1.204910373687744, 1.2049438476562497, 1.2053105735778804, 1.205016002655029, 1.2065959739685053], [1.2040288925170897, 1.2023291587829588, 1.2026058769226071, 1.203000869750976, 1.2034434700012204, 1.203390655517578, 1.2046790313720699], [1.2059733581542964, 1.2057263946533197, 1.206173458099365, 1.2065000152587886, 1.20679235458374, 1.2082250404357902], [1.2066725921630854, 1.2070460128784175, 1.2074038124084467, 1.2077779769897456, 1.20907974243164], [1.208988246917724, 1.2095535850524899, 1.2095349884033197, 1.2108999824523918], [1.2086349105834957, 1.2038607788085933, 1.2077073097229], [1.20315559387207, 1.2076143264770502], [1.2080956077575677]]
* error estadistic = [[0.0021644020080566766, 0.0012799453735350412, 0.0015923690795898173, 0.0016136932373046109, 0.0013389587402342642, 0.0013384628295897523, 0.0014134693145751629, 0.0010347175598145095, 0.0009169387817383007], [0.0013330078124997873, 0.001646671295165936, 0.0016228675842286564, 0.0012308502197265396, 0.0012058067321777026, 0.0011511325836180979, 0.0011946487426759047, 0.0008975982666015183], [0.0022753620147705957, 0.0016590690612793653, 0.0015902614593506321, 0.0017033290863036994, 0.001554307937622013, 0.0015561676025390718, 0.0014735984802244364], [0.0027084159851072584, 0.002290735244750877, 0.0024726104736328613, 0.0024153327941893376, 0.002389297485351439, 0.0016464233398437356], [0.002252550125121861, 0.0024302101135254754, 0.00240764617919905, 0.0023626422882078923, 0.001627826690673814], [0.003529148101806638, 0.003549976348876882, 0.0035580348968506925, 0.0034799289703370726], [0.005484275817871254, 0.00438533782958983, 0.0038999652862546927], [0.005176687240600683, 0.004059400558471501], [0.004195404052734109]]
* error sistemàtic = 0.0019117355346678355
EXPONENCIAL###############################
* chi2 = [[0.38735058875333517, 0.6556728522287302, 0.5836386067999912, 1.7033945140516593, 1.558712313705448, 1.429776071776927, 1.3806150046793164, 1.9944661737437948, 2.178752374529112], [0.5963628474378472, 0.5450556286585568, 1.7562992099240162, 1.5377747072191603, 1.3754362342541846, 1.4147795808826784, 1.833968730983777, 1.995288755785497], [0.5656906765033126, 1.1363188909542468, 0.9911347646742772, 0.9819576213536174, 1.095280346482624, 1.6977980165743296, 1.8286657851933354], [0.7660905189588021, 0.6436958189831293, 0.64990132771975, 0.8547792007606653, 1.4691796064006166, 1.4989420794272281], [0.2922427880391775, 0.3039597029514109, 0.4141712789395148, 1.0280484047491965, 1.0681880793258345], [0.2290878630725806, 0.33832580631321507, 1.092360583616755, 1.121306492892449], [0.3975288473147368, 0.8483743576564572, 1.109687500458011], [0.998184734384765, 1.2942089470854128], [1.4848013001939127]]
* central = [[1.201753937381072, 1.2038558442765166, 1.20413102210579, 1.203803833114352, 1.204019169746418, 1.204019571183059, 1.2045007322798957, 1.203307859235483, 1.204877634028782], [1.2046281023774998, 1.2049375600333094, 1.2048420848478256, 1.2049038015150808, 1.2049377826123375, 1.20530428641149, 1.2050099273384847, 1.2065900575655326], [1.2040269232370382, 1.202326101704347, 1.2026033684590267, 1.202998610984428, 1.2034413614063895, 1.2033879684666617, 1.2046770021875601], [1.2059721729516102, 1.205725932268305, 1.206173586817545, 1.2065002015559476, 1.2067926045795403, 1.208224097706133], [1.2066719871806382, 1.2070463664957964, 1.2074037898021137, 1.2077782189735689, 1.2090796325609876], [1.2089881788632062, 1.2095529517359376, 1.2095352742713963, 1.2108999468377215], [1.2086348551212565, 1.2038601772866788, 1.2077071936242167], [1.2031553696862733, 1.2076139813191245], [1.208096159573388]]
* error estadistic = [[0.0021644096286429866, 0.0012798334157960727, 0.001592236253577036, 0.001613950982003417, 0.001338913369582436, 0.0013388018023999435, 0.0014135593933930493, 0.0010347603862399894, 0.0009169680423472365], [0.001333134271964206, 0.0016467726127353812, 0.0016228583765131774, 0.0012308824600107226, 0.0012057857673369132, 0.001150997986408683, 0.0011946078332929124, 0.0008921692473897737], [0.0022750627841900965, 0.0016592473647021695, 0.001590531299215011, 0.0017035540283815527, 0.0015543286743495703, 0.0015561511280150304, 0.0014732044798013342], [0.002708365284007569, 0.0022905761860928173, 0.0024722965297030827, 0.002415217071401652, 0.00238927631235153, 0.0016463468373765595], [0.0022524772852197143, 0.0024301700692897334, 0.0024077570745619056, 0.002362537860804834, 0.0016277695672129264], [0.0035286838943333625, 0.0035498480049897347, 0.003557726976874139, 0.003578947134250073], [0.005484004027624353, 0.004385039153860941, 0.003899607581664448], [0.005176872138083489, 0.004059453124685365], [0.004195313449313011]]
* error sistemàtic = 0.0019117679745153104

### frontera454
LINEAL###############################
* chi2 = [[0.3194198280557042, 0.3210076941340255, 0.3870357912249955, 1.0309014791144084, 1.5126179735502916, 1.4895910284257297, 1.5003369061105445, 1.4400652060800947, 1.333689405333608], [0.2805326407782952, 0.3345361953577152, 0.9963621773080426, 1.3951676543170997, 1.4399342065195215, 1.3804797754994433, 1.3241485462867784, 1.2249455721582643], [0.3784139023886776, 1.1527625008238493, 1.5530962502313097, 1.5868458637011607, 1.487160300723956, 1.4097121867482862, 1.2943717229856533], [1.0993197271650046, 1.505546127472454, 1.6407873992318538, 1.5072308065227373, 1.3970725744618326, 1.2610075947773587], [1.5789075768048815, 1.7658971616550667, 1.5789554215930104, 1.4300515941256216, 1.2712752088568144], [2.099206840057939, 1.8185176035360522, 1.6036488110577436, 1.4032549343600065], [2.0544354313211417, 1.7464330419028784, 1.4988444050123544], [1.2907723740020989, 1.147472926237105], [1.3612948831199092]]
* central = [[1.2011181449890134, 1.2010281372070306, 1.2011434364318843, 1.201445446014404, 1.2017645645141597, 1.2016076087951657, 1.2017474555969234, 1.2017690277099606, 1.2017876243591303], [1.201343536376953, 1.2014908218383784, 1.2018902778625484, 1.2023269271850583, 1.2020755004882808, 1.202244358062744, 1.2022674179077146, 1.202287502288818], [1.2013643646240233, 1.2019661521911618, 1.2024779319763181, 1.2022175788879392, 1.2024035453796382, 1.2024347877502437, 1.2024533843994134], [1.2025158691406248, 1.203071537017822, 1.2026557159423823, 1.2028439140319822, 1.2028989601135252, 1.2029190444946285], [1.2035498428344722, 1.203057403564453, 1.2032493209838862, 1.2033199882507322, 1.2033140373229976], [1.2032151031494136, 1.203427104949951, 1.203529014587402, 1.203525295257568], [1.2039195442199702, 1.2040370750427243, 1.2040102958679197], [1.2054786872863763, 1.2052004814147943], [1.2054407501220696]]
* error estadistic = [[0.0006360054016112393, 0.0006345176696779253, 0.0006248474121093306, 0.0005856084823608887, 0.0005670118331910223, 0.0005623626708983198, 0.0005493450164795743, 0.0005443239212037931, 0.0005300045013428845], [0.0007924032211302778, 0.0007221078872680642, 0.0007137393951415216, 0.0006501388549803866, 0.0006361913681029452, 0.0006149911880495296, 0.0006107139587402943, 0.0006138753890990722], [0.0008000278472900524, 0.0007689714431762806, 0.0007185745239258745, 0.0006718969345093639, 0.0006352615356444158, 0.0006551599502565009, 0.0006449317932130105], [0.0008852005004882924, 0.0008286666870116477, 0.0007671117782592218, 0.0007217359542847079, 0.0007167148590087602, 0.000705556869506685], [0.0009110498428344105, 0.0008582353591917724, 0.000820484161376922, 0.0008160209655760919, 0.0008249473571775301], [0.0009865522384642222, 0.0009350395202635808, 0.0009086322784424006, 0.0009028673171997403], [0.0011567115783690518, 0.0010882759094236194, 0.0010735845565795765], [0.001322221755981401, 0.0012483930587767755], [0.0013997697830199773]]
* error sistemàtic = 0.004135150909423402
EXPONENCIAL###############################
* chi2 = [[0.33002112427752783, 0.32769127489705313, 0.39474895601377435, 1.0425428988057535, 1.5276616833868546, 1.5018059048019943, 1.5138705740338532, 1.4526459915534398, 1.3452157790546921], [0.2789033298300934, 0.33402865404033716, 0.9984817631452196, 1.3981204191149128, 1.4422995068152966, 1.3829995461874052, 1.3265954466943666, 1.227220223245139], [0.3792488846359688, 1.1542924975173559, 1.5546583412052952, 1.5879886330402697, 1.4882351730408303, 1.410761374942371, 1.2953728048547781], [1.0996954620646198, 1.50597318015365, 1.6411010458972466, 1.507526650804189, 1.3973592808197641, 1.2612738265388246], [1.5790205404324589, 1.7659665590691969, 1.579021900714487, 1.4301192235264428, 1.2713352336743595], [2.0992546315064318, 1.8185596266605801, 1.603687830011305, 1.4032889577126104], [2.0544566656085843, 1.7464517698101327, 1.4988601419004373], [1.2907722820453293, 1.1474725519589535], [1.361293530781803]]
* central = [[1.20109491457693, 1.2010065497853668, 1.201123649883308, 1.2014262779552216, 1.2017467963770088, 1.2015902140512194, 1.2017315356000018, 1.2017534689490554, 1.2017716629046915], [1.2013368518722918, 1.2014844826930196, 1.201885000304014, 1.2023222885350693, 1.2020704216394629, 1.2022400814699994, 1.2022631877350514, 1.2022826951479533], [1.2013621980881104, 1.2019642731038118, 1.202476125932586, 1.2022163746940406, 1.2024013296569398, 1.2024329274054784, 1.2024516092326794], [1.2025150917292136, 1.203071396897582, 1.2026550402571834, 1.202843581517462, 1.2028981908316032, 1.2029183532299585], [1.2035500485809953, 1.203057725256654, 1.2032493178432029, 1.203320139147789, 1.2033141343816192], [1.2032150536056236, 1.2034265151519166, 1.2035284866626812, 1.2035251687440303], [1.2039193357070448, 1.2040369984005967, 1.204010194947704], [1.2054782579028023, 1.2052008048862264], [1.20544105851256]]
* error estadistic = [[0.0006361190161191521, 0.000634359671273288, 0.0006252359994124435, 0.000583772780117342, 0.0005670213533731094, 0.0005626054455648566, 0.000549237333113517, 0.0005442842046043395, 0.0005297625327628785], [0.000792653185082981, 0.0007221057592996516, 0.0007134920540508571, 0.0006501970321406425, 0.0006359338789642122, 0.0006145925268882246, 0.0006109313829640306, 0.0006137005346741331], [0.000800234494797325, 0.0007688326685283409, 0.0007184757002771658, 0.0006719300909997505, 0.0006352187232014916, 0.0006552970272538094, 0.0006449736081459156], [0.0008848715846982991, 0.0008286901892925469, 0.0007673034888192043, 0.0007218387891156364, 0.000716476447756631, 0.0007053022137067377], [0.0009110582703248937, 0.0008580531265856561, 0.0008204419630098991, 0.0008162114481061744, 0.0008248260321163103], [0.000986399438541119, 0.0009350730263469886, 0.0009084800461862108, 0.0009026674452020655], [0.001156617568023599, 0.0010879554208829134, 0.0010736188467835306], [0.0013223410034184369, 0.0012482818981305321], [0.001399760516531845]]
* error sistemàtic = 0.004141406030510497

### frontera454 curt
LINEAL###############################
* chi2 = [[1.5443432660241978, 1.6070316177557082, 1.4846331950730556], [1.9236046543344092, 1.7220831482639631], [1.9784645091126454]]
* central = [[1.2034791755676266, 1.2031094741821287, 1.2033244514465329], [1.2031823730468747, 1.2034323120117185], [1.2038139152526852]]
* error estadistic = [[0.0009618186950682284, 0.0008971023559570801, 0.0008636283874510764], [0.0009867382049559281, 0.0009203481674193714], [0.0010012435913083761]]
* error sistemàtic = 0.0004894638061523349
EXPONENCIAL###############################
* chi2 = [[1.544448647812581, 1.6070805883446262, 1.484687336957522], [1.9236444825491728, 1.7221211828264866], [1.978485934957813]]
* central = [[1.2034787974876204, 1.203109686280631, 1.2033241622502353], [1.2031828821227801, 1.2034321206997531], [1.2038140349446496]]
* error estadistic = [[0.0009619583455507952, 0.0008969777847873672, 0.0008636365155527681], [0.000986945567411024, 0.000920152254947848], [0.0010013332851467327]]
* error sistemàtic = 0.0004898726944142506